{
 "cells": [
  {
   "cell_type": "code",
   "execution_count": 1,
   "id": "95a46c88-8d0f-4b73-8134-bab4a5f6fcfd",
   "metadata": {},
   "outputs": [
    {
     "ename": "NameError",
     "evalue": "name 'engine' is not defined",
     "output_type": "error",
     "traceback": [
      "\u001b[31m---------------------------------------------------------------------------\u001b[39m",
      "\u001b[31mNameError\u001b[39m                                 Traceback (most recent call last)",
      "\u001b[36mCell\u001b[39m\u001b[36m \u001b[39m\u001b[32mIn[1]\u001b[39m\u001b[32m, line 3\u001b[39m\n\u001b[32m      1\u001b[39m \u001b[38;5;28;01mimport\u001b[39;00m\u001b[38;5;250m \u001b[39m\u001b[34;01mpandas\u001b[39;00m\u001b[38;5;250m \u001b[39m\u001b[38;5;28;01mas\u001b[39;00m\u001b[38;5;250m \u001b[39m\u001b[34;01mpd\u001b[39;00m\n\u001b[32m----> \u001b[39m\u001b[32m3\u001b[39m df2 = pd.read_sql_query(\u001b[33m\"\u001b[39m\u001b[33mSELECT * FROM gvs.vw_ml_land_only_glm_ready_v2;\u001b[39m\u001b[33m\"\u001b[39m, \u001b[43mengine\u001b[49m)\n\u001b[32m      4\u001b[39m df2.shape, df2.columns.tolist()[:\u001b[32m20\u001b[39m]\n",
      "\u001b[31mNameError\u001b[39m: name 'engine' is not defined"
     ]
    }
   ],
   "source": [
    "import pandas as pd\n",
    "\n",
    "df2 = pd.read_sql_query(\"SELECT * FROM gvs.vw_ml_land_only_glm_ready_v2;\", engine)\n",
    "df2.shape, df2.columns.tolist()[:20]\n"
   ]
  },
  {
   "cell_type": "code",
   "execution_count": 2,
   "id": "78cfd8dc-9c0b-4b17-b080-cc00a3b3d2fd",
   "metadata": {},
   "outputs": [
    {
     "name": "stdout",
     "output_type": "stream",
     "text": [
      "('gvs_kyiv', 'postgres')\n"
     ]
    }
   ],
   "source": [
    "from dotenv import load_dotenv\n",
    "from pathlib import Path\n",
    "import os\n",
    "\n",
    "from sqlalchemy import create_engine\n",
    "from urllib.parse import quote_plus\n",
    "\n",
    "# шлях до .env\n",
    "env_path = Path(r\"C:\\OneDrive\\gvs-kyiv\\env\\.env\")\n",
    "load_dotenv(env_path)\n",
    "\n",
    "host = os.getenv(\"PGHOST\", \"localhost\")\n",
    "port = int(os.getenv(\"PGPORT\", \"5432\"))\n",
    "user = os.getenv(\"PGUSER\")\n",
    "pwd  = os.getenv(\"PGPASSWORD\")\n",
    "db   = os.getenv(\"PGDATABASE\")\n",
    "\n",
    "assert all([user, pwd, db]), \"Missing DB credentials\"\n",
    "\n",
    "url = f\"postgresql+psycopg2://{user}:{quote_plus(pwd)}@{host}:{port}/{db}\"\n",
    "engine = create_engine(url, pool_pre_ping=True)\n",
    "\n",
    "# smoke test\n",
    "with engine.connect() as c:\n",
    "    print(c.exec_driver_sql(\n",
    "        \"select current_database(), current_user\"\n",
    "    ).fetchone())\n"
   ]
  },
  {
   "cell_type": "code",
   "execution_count": 3,
   "id": "359b8594-30af-4fe8-99b4-ffdd1a11377d",
   "metadata": {},
   "outputs": [
    {
     "data": {
      "text/plain": [
       "((52, 30),\n",
       " ['spatial_unit_id',\n",
       "  'y_ln_uah_m2',\n",
       "  'x_ln_area',\n",
       "  'lon',\n",
       "  'lat',\n",
       "  'x_ln_dist_metro',\n",
       "  'x_ln_dist_school',\n",
       "  'x_ln_dist_kindergarten',\n",
       "  'x_ln_dist_park',\n",
       "  'x_ln_dist_water',\n",
       "  'x_ln_dist_cemetery',\n",
       "  'x_ln_dist_highway',\n",
       "  'x_ln_dist_powerline',\n",
       "  'gp_band_1',\n",
       "  'gp_band_2',\n",
       "  'gp_band_3',\n",
       "  'x_ln_osm_edu_school',\n",
       "  'x_ln_osm_edu_kindergarten',\n",
       "  'x_ln_osm_health_hospital',\n",
       "  'x_ln_osm_health_pharmacy',\n",
       "  'x_ln_osm_retail_supermarket',\n",
       "  'x_ln_osm_subway_entrance',\n",
       "  'x_ln_osm_railway',\n",
       "  'x_ln_osm_leisure_park',\n",
       "  'x_ln_cnt500_school',\n",
       "  'x_ln_cnt500_kindergarten',\n",
       "  'x_ln_cnt500_hospital',\n",
       "  'x_ln_cnt500_pharmacy',\n",
       "  'x_ln_cnt500_pt_stops',\n",
       "  'x_ln_cnt500_parks'])"
      ]
     },
     "execution_count": 3,
     "metadata": {},
     "output_type": "execute_result"
    }
   ],
   "source": [
    "import pandas as pd\n",
    "\n",
    "df2 = pd.read_sql_query(\n",
    "    \"SELECT * FROM gvs.vw_ml_land_only_glm_ready_v2;\",\n",
    "    engine\n",
    ")\n",
    "\n",
    "df2.shape, df2.columns.tolist()[:30]\n"
   ]
  },
  {
   "cell_type": "code",
   "execution_count": 4,
   "id": "441e57a4-a8bb-4231-b5bc-c1ac189b1b13",
   "metadata": {},
   "outputs": [
    {
     "data": {
      "text/plain": [
       "((52, 30),\n",
       " ['spatial_unit_id',\n",
       "  'y_ln_uah_m2',\n",
       "  'x_ln_area',\n",
       "  'lon',\n",
       "  'lat',\n",
       "  'x_ln_dist_metro',\n",
       "  'x_ln_dist_school',\n",
       "  'x_ln_dist_kindergarten',\n",
       "  'x_ln_dist_park',\n",
       "  'x_ln_dist_water',\n",
       "  'x_ln_dist_cemetery',\n",
       "  'x_ln_dist_highway',\n",
       "  'x_ln_dist_powerline',\n",
       "  'gp_band_1',\n",
       "  'gp_band_2',\n",
       "  'gp_band_3',\n",
       "  'x_ln_osm_edu_school',\n",
       "  'x_ln_osm_edu_kindergarten',\n",
       "  'x_ln_osm_health_hospital',\n",
       "  'x_ln_osm_health_pharmacy',\n",
       "  'x_ln_osm_retail_supermarket',\n",
       "  'x_ln_osm_subway_entrance',\n",
       "  'x_ln_osm_railway',\n",
       "  'x_ln_osm_leisure_park',\n",
       "  'x_ln_cnt500_school',\n",
       "  'x_ln_cnt500_kindergarten',\n",
       "  'x_ln_cnt500_hospital',\n",
       "  'x_ln_cnt500_pharmacy',\n",
       "  'x_ln_cnt500_pt_stops',\n",
       "  'x_ln_cnt500_parks'])"
      ]
     },
     "execution_count": 4,
     "metadata": {},
     "output_type": "execute_result"
    }
   ],
   "source": [
    "df2.shape, df2.columns.tolist()[:30]"
   ]
  },
  {
   "cell_type": "code",
   "execution_count": 5,
   "id": "46e29f82-b3ce-4e7b-b17d-bd57bbc35341",
   "metadata": {},
   "outputs": [
    {
     "data": {
      "text/html": [
       "<div>\n",
       "<style scoped>\n",
       "    .dataframe tbody tr th:only-of-type {\n",
       "        vertical-align: middle;\n",
       "    }\n",
       "\n",
       "    .dataframe tbody tr th {\n",
       "        vertical-align: top;\n",
       "    }\n",
       "\n",
       "    .dataframe thead th {\n",
       "        text-align: right;\n",
       "    }\n",
       "</style>\n",
       "<table border=\"1\" class=\"dataframe\">\n",
       "  <thead>\n",
       "    <tr style=\"text-align: right;\">\n",
       "      <th></th>\n",
       "      <th>column_name</th>\n",
       "    </tr>\n",
       "  </thead>\n",
       "  <tbody>\n",
       "    <tr>\n",
       "      <th>0</th>\n",
       "      <td>spatial_unit_id</td>\n",
       "    </tr>\n",
       "    <tr>\n",
       "      <th>1</th>\n",
       "      <td>y_ln_uah_m2</td>\n",
       "    </tr>\n",
       "    <tr>\n",
       "      <th>2</th>\n",
       "      <td>lon</td>\n",
       "    </tr>\n",
       "    <tr>\n",
       "      <th>3</th>\n",
       "      <td>lat</td>\n",
       "    </tr>\n",
       "    <tr>\n",
       "      <th>4</th>\n",
       "      <td>x_ln_area</td>\n",
       "    </tr>\n",
       "    <tr>\n",
       "      <th>5</th>\n",
       "      <td>x_ln_dist_metro</td>\n",
       "    </tr>\n",
       "    <tr>\n",
       "      <th>6</th>\n",
       "      <td>x_ln_dist_school</td>\n",
       "    </tr>\n",
       "    <tr>\n",
       "      <th>7</th>\n",
       "      <td>x_ln_dist_kindergarten</td>\n",
       "    </tr>\n",
       "    <tr>\n",
       "      <th>8</th>\n",
       "      <td>x_ln_dist_park</td>\n",
       "    </tr>\n",
       "    <tr>\n",
       "      <th>9</th>\n",
       "      <td>x_ln_dist_water</td>\n",
       "    </tr>\n",
       "    <tr>\n",
       "      <th>10</th>\n",
       "      <td>x_ln_dist_cemetery</td>\n",
       "    </tr>\n",
       "    <tr>\n",
       "      <th>11</th>\n",
       "      <td>x_ln_dist_highway</td>\n",
       "    </tr>\n",
       "    <tr>\n",
       "      <th>12</th>\n",
       "      <td>x_ln_dist_powerline</td>\n",
       "    </tr>\n",
       "    <tr>\n",
       "      <th>13</th>\n",
       "      <td>gp_band_1</td>\n",
       "    </tr>\n",
       "    <tr>\n",
       "      <th>14</th>\n",
       "      <td>gp_band_2</td>\n",
       "    </tr>\n",
       "    <tr>\n",
       "      <th>15</th>\n",
       "      <td>gp_band_3</td>\n",
       "    </tr>\n",
       "    <tr>\n",
       "      <th>16</th>\n",
       "      <td>x_ln_osm_edu_school</td>\n",
       "    </tr>\n",
       "    <tr>\n",
       "      <th>17</th>\n",
       "      <td>x_ln_osm_edu_kindergarten</td>\n",
       "    </tr>\n",
       "    <tr>\n",
       "      <th>18</th>\n",
       "      <td>x_ln_osm_health_hospital</td>\n",
       "    </tr>\n",
       "    <tr>\n",
       "      <th>19</th>\n",
       "      <td>x_ln_osm_health_pharmacy</td>\n",
       "    </tr>\n",
       "    <tr>\n",
       "      <th>20</th>\n",
       "      <td>x_ln_osm_retail_supermarket</td>\n",
       "    </tr>\n",
       "    <tr>\n",
       "      <th>21</th>\n",
       "      <td>x_ln_osm_pt_stops</td>\n",
       "    </tr>\n",
       "    <tr>\n",
       "      <th>22</th>\n",
       "      <td>x_ln_osm_subway_entrance</td>\n",
       "    </tr>\n",
       "    <tr>\n",
       "      <th>23</th>\n",
       "      <td>x_ln_osm_railway</td>\n",
       "    </tr>\n",
       "    <tr>\n",
       "      <th>24</th>\n",
       "      <td>x_ln_osm_leisure_park</td>\n",
       "    </tr>\n",
       "  </tbody>\n",
       "</table>\n",
       "</div>"
      ],
      "text/plain": [
       "                    column_name\n",
       "0               spatial_unit_id\n",
       "1                   y_ln_uah_m2\n",
       "2                           lon\n",
       "3                           lat\n",
       "4                     x_ln_area\n",
       "5               x_ln_dist_metro\n",
       "6              x_ln_dist_school\n",
       "7        x_ln_dist_kindergarten\n",
       "8                x_ln_dist_park\n",
       "9               x_ln_dist_water\n",
       "10           x_ln_dist_cemetery\n",
       "11            x_ln_dist_highway\n",
       "12          x_ln_dist_powerline\n",
       "13                    gp_band_1\n",
       "14                    gp_band_2\n",
       "15                    gp_band_3\n",
       "16          x_ln_osm_edu_school\n",
       "17    x_ln_osm_edu_kindergarten\n",
       "18     x_ln_osm_health_hospital\n",
       "19     x_ln_osm_health_pharmacy\n",
       "20  x_ln_osm_retail_supermarket\n",
       "21            x_ln_osm_pt_stops\n",
       "22     x_ln_osm_subway_entrance\n",
       "23             x_ln_osm_railway\n",
       "24        x_ln_osm_leisure_park"
      ]
     },
     "execution_count": 5,
     "metadata": {},
     "output_type": "execute_result"
    }
   ],
   "source": [
    "pd.read_sql_query(\"\"\"\n",
    "select column_name\n",
    "from information_schema.columns\n",
    "where table_schema='gvs' and table_name='vw_ml_land_only_glm_ready_v2'\n",
    "order by ordinal_position;\n",
    "\"\"\", engine)\n"
   ]
  },
  {
   "cell_type": "code",
   "execution_count": 6,
   "id": "335805bb-e423-4138-9968-7be203d848d3",
   "metadata": {},
   "outputs": [
    {
     "data": {
      "text/plain": [
       "((144, 25),\n",
       " ['spatial_unit_id',\n",
       "  'y_ln_uah_m2',\n",
       "  'lon',\n",
       "  'lat',\n",
       "  'x_ln_area',\n",
       "  'x_ln_dist_metro',\n",
       "  'x_ln_dist_school',\n",
       "  'x_ln_dist_kindergarten',\n",
       "  'x_ln_dist_park',\n",
       "  'x_ln_dist_water',\n",
       "  'x_ln_dist_cemetery',\n",
       "  'x_ln_dist_highway',\n",
       "  'x_ln_dist_powerline',\n",
       "  'gp_band_1',\n",
       "  'gp_band_2',\n",
       "  'gp_band_3',\n",
       "  'x_ln_osm_edu_school',\n",
       "  'x_ln_osm_edu_kindergarten',\n",
       "  'x_ln_osm_health_hospital',\n",
       "  'x_ln_osm_health_pharmacy',\n",
       "  'x_ln_osm_retail_supermarket',\n",
       "  'x_ln_osm_pt_stops',\n",
       "  'x_ln_osm_subway_entrance',\n",
       "  'x_ln_osm_railway',\n",
       "  'x_ln_osm_leisure_park'])"
      ]
     },
     "execution_count": 6,
     "metadata": {},
     "output_type": "execute_result"
    }
   ],
   "source": [
    "df2 = pd.read_sql_query(\n",
    "    \"SELECT * FROM gvs.vw_ml_land_only_glm_ready_v2;\",\n",
    "    engine\n",
    ")\n",
    "\n",
    "df2.shape, df2.columns.tolist()[:30]"
   ]
  },
  {
   "cell_type": "code",
   "execution_count": 7,
   "id": "29a3f3e1-a5e3-48de-815d-e631340e79aa",
   "metadata": {},
   "outputs": [],
   "source": [
    "base_cols = [\n",
    "    \"x_ln_area\",\n",
    "    \"lon\", \"lat\",\n",
    "    \"x_ln_dist_metro\",\n",
    "    \"x_ln_dist_school\",\n",
    "    \"x_ln_dist_kindergarten\",\n",
    "    \"x_ln_dist_park\",\n",
    "    \"x_ln_dist_water\",\n",
    "    \"x_ln_dist_cemetery\",\n",
    "    \"x_ln_dist_highway\",\n",
    "    \"x_ln_dist_powerline\",\n",
    "    \"gp_band_1\", \"gp_band_2\", \"gp_band_3\",\n",
    "]\n"
   ]
  },
  {
   "cell_type": "code",
   "execution_count": 8,
   "id": "2b9e8df9-7bf3-4cc4-8880-d79235dcbfd8",
   "metadata": {},
   "outputs": [
    {
     "name": "stdout",
     "output_type": "stream",
     "text": [
      "                            OLS Regression Results                            \n",
      "==============================================================================\n",
      "Dep. Variable:            y_ln_uah_m2   R-squared:                       0.870\n",
      "Model:                            OLS   Adj. R-squared:                  0.856\n",
      "Method:                 Least Squares   F-statistic:                     65.51\n",
      "Date:                Sun, 18 Jan 2026   Prob (F-statistic):           1.47e-51\n",
      "Time:                        22:44:18   Log-Likelihood:                -170.77\n",
      "No. Observations:                 144   AIC:                             371.5\n",
      "Df Residuals:                     129   BIC:                             416.1\n",
      "Df Model:                          14                                         \n",
      "Covariance Type:                  HC3                                         \n",
      "==========================================================================================\n",
      "                             coef    std err          z      P>|z|      [0.025      0.975]\n",
      "------------------------------------------------------------------------------------------\n",
      "const                   -138.6943     86.514     -1.603      0.109    -308.259      30.870\n",
      "x_ln_area                 -0.9465      0.039    -24.081      0.000      -1.024      -0.869\n",
      "lon                       -0.2989      0.938     -0.319      0.750      -2.138       1.540\n",
      "lat                        3.3319      1.620      2.057      0.040       0.157       6.507\n",
      "x_ln_dist_metro           -0.4976      0.142     -3.516      0.000      -0.775      -0.220\n",
      "x_ln_dist_school          -0.2821      0.135     -2.097      0.036      -0.546      -0.018\n",
      "x_ln_dist_kindergarten     0.1061      0.133      0.796      0.426      -0.155       0.367\n",
      "x_ln_dist_park            -0.0227      0.074     -0.305      0.760      -0.169       0.123\n",
      "x_ln_dist_water            0.1019      0.090      1.137      0.256      -0.074       0.278\n",
      "x_ln_dist_cemetery         0.1190      0.112      1.066      0.286      -0.100       0.338\n",
      "x_ln_dist_highway         -0.2605      0.078     -3.354      0.001      -0.413      -0.108\n",
      "x_ln_dist_powerline        0.0688      0.104      0.664      0.507      -0.134       0.272\n",
      "gp_band_1                  0.0008      0.001      0.669      0.503      -0.002       0.003\n",
      "gp_band_2                 -0.0003      0.002     -0.203      0.839      -0.003       0.003\n",
      "gp_band_3                  0.0006      0.002      0.393      0.694      -0.002       0.004\n",
      "==============================================================================\n",
      "Omnibus:                        7.620   Durbin-Watson:                   1.530\n",
      "Prob(Omnibus):                  0.022   Jarque-Bera (JB):                7.856\n",
      "Skew:                           0.426   Prob(JB):                       0.0197\n",
      "Kurtosis:                       3.763   Cond. No.                     3.94e+05\n",
      "==============================================================================\n",
      "\n",
      "Notes:\n",
      "[1] Standard Errors are heteroscedasticity robust (HC3)\n",
      "[2] The condition number is large, 3.94e+05. This might indicate that there are\n",
      "strong multicollinearity or other numerical problems.\n"
     ]
    }
   ],
   "source": [
    "import statsmodels.api as sm\n",
    "import numpy as np\n",
    "from sklearn.metrics import mean_absolute_error, r2_score\n",
    "\n",
    "y = df2[\"y_ln_uah_m2\"].astype(float)\n",
    "X_base = df2[base_cols].astype(float)\n",
    "X_base = sm.add_constant(X_base)\n",
    "\n",
    "m_base = sm.OLS(y, X_base).fit(cov_type=\"HC3\")\n",
    "print(m_base.summary())\n"
   ]
  },
  {
   "cell_type": "code",
   "execution_count": 9,
   "id": "2d11dca4-24e2-4911-aa6c-3be4bb1bc3ef",
   "metadata": {},
   "outputs": [
    {
     "data": {
      "text/plain": [
       "(0.8384527067926836, 474154.4796053285, np.float64(84.32413440275171))"
      ]
     },
     "execution_count": 9,
     "metadata": {},
     "output_type": "execute_result"
    }
   ],
   "source": [
    "from sklearn.model_selection import LeaveOneOut\n",
    "\n",
    "loo = LeaveOneOut()\n",
    "y_true, y_pred = [], []\n",
    "\n",
    "for tr, te in loo.split(X_base):\n",
    "    m = sm.OLS(y.iloc[tr], X_base.iloc[tr]).fit()\n",
    "    y_hat = m.predict(X_base.iloc[te])\n",
    "    y_true.append(y.iloc[te].values[0])\n",
    "    y_pred.append(y_hat.values[0])\n",
    "\n",
    "y_true = np.array(y_true)\n",
    "y_pred = np.array(y_pred)\n",
    "\n",
    "r2_log_base = r2_score(y_true, y_pred)\n",
    "mae_base = mean_absolute_error(np.exp(y_true), np.exp(y_pred))\n",
    "mape_base = np.mean(np.abs((np.exp(y_true) - np.exp(y_pred)) / np.exp(y_true))) * 100\n",
    "\n",
    "r2_log_base, mae_base, mape_base\n"
   ]
  },
  {
   "cell_type": "code",
   "execution_count": 10,
   "id": "14ab30f2-f7df-443b-8649-ba2dea20a65e",
   "metadata": {},
   "outputs": [],
   "source": [
    "osm_cols = [c for c in df2.columns if c.startswith(\"x_ln_osm_\")]\n",
    "cnt_cols = [c for c in df2.columns if c.startswith(\"x_ln_cnt500_\")]\n",
    "\n",
    "full_cols = base_cols + osm_cols + cnt_cols\n"
   ]
  },
  {
   "cell_type": "code",
   "execution_count": 11,
   "id": "27e7ccf0-b35d-4ef2-8a29-e4be8716d260",
   "metadata": {},
   "outputs": [
    {
     "name": "stdout",
     "output_type": "stream",
     "text": [
      "                            OLS Regression Results                            \n",
      "==============================================================================\n",
      "Dep. Variable:            y_ln_uah_m2   R-squared:                       0.879\n",
      "Model:                            OLS   Adj. R-squared:                  0.861\n",
      "Method:                 Least Squares   F-statistic:                     68.26\n",
      "Date:                Sun, 18 Jan 2026   Prob (F-statistic):           2.69e-56\n",
      "Time:                        22:45:07   Log-Likelihood:                -165.48\n",
      "No. Observations:                 144   AIC:                             371.0\n",
      "Df Residuals:                     124   BIC:                             430.4\n",
      "Df Model:                          19                                         \n",
      "Covariance Type:                  HC3                                         \n",
      "===============================================================================================\n",
      "                                  coef    std err          z      P>|z|      [0.025      0.975]\n",
      "-----------------------------------------------------------------------------------------------\n",
      "const                        -184.0053     88.608     -2.077      0.038    -357.673     -10.338\n",
      "x_ln_area                      -0.9385      0.035    -27.009      0.000      -1.007      -0.870\n",
      "lon                             0.2976      0.942      0.316      0.752      -1.549       2.144\n",
      "lat                             3.8767      1.649      2.351      0.019       0.645       7.108\n",
      "x_ln_dist_metro                -0.3012      0.084     -3.590      0.000      -0.466      -0.137\n",
      "x_ln_dist_school               -0.0917      0.072     -1.265      0.206      -0.234       0.050\n",
      "x_ln_dist_kindergarten          0.1109      0.080      1.387      0.166      -0.046       0.268\n",
      "x_ln_dist_park                  0.0244      0.038      0.647      0.517      -0.049       0.098\n",
      "x_ln_dist_water                 0.0595      0.104      0.571      0.568      -0.145       0.264\n",
      "x_ln_dist_cemetery              0.2024      0.126      1.602      0.109      -0.045       0.450\n",
      "x_ln_dist_highway              -0.1922      0.098     -1.961      0.050      -0.384   -9.36e-05\n",
      "x_ln_dist_powerline             0.0197      0.104      0.190      0.849      -0.184       0.223\n",
      "gp_band_1                       0.0004      0.001      0.273      0.785      -0.002       0.003\n",
      "gp_band_2                      -0.0002      0.002     -0.101      0.920      -0.004       0.003\n",
      "gp_band_3                       0.0002      0.001      0.136      0.892      -0.003       0.003\n",
      "x_ln_osm_edu_school            -0.0917      0.072     -1.265      0.206      -0.234       0.050\n",
      "x_ln_osm_edu_kindergarten       0.1109      0.080      1.387      0.166      -0.046       0.268\n",
      "x_ln_osm_health_hospital       -0.0553      0.140     -0.395      0.693      -0.330       0.219\n",
      "x_ln_osm_health_pharmacy       -0.2146      0.223     -0.962      0.336      -0.652       0.223\n",
      "x_ln_osm_retail_supermarket     0.0564      0.209      0.270      0.787      -0.354       0.466\n",
      "x_ln_osm_pt_stops              -0.2050      0.108     -1.905      0.057      -0.416       0.006\n",
      "x_ln_osm_subway_entrance       -0.3012      0.084     -3.590      0.000      -0.466      -0.137\n",
      "x_ln_osm_railway                0.0962      0.116      0.832      0.405      -0.130       0.323\n",
      "x_ln_osm_leisure_park           0.0244      0.038      0.647      0.517      -0.049       0.098\n",
      "==============================================================================\n",
      "Omnibus:                       14.880   Durbin-Watson:                   1.435\n",
      "Prob(Omnibus):                  0.001   Jarque-Bera (JB):               21.661\n",
      "Skew:                           0.562   Prob(JB):                     1.98e-05\n",
      "Kurtosis:                       4.532   Cond. No.                     9.83e+18\n",
      "==============================================================================\n",
      "\n",
      "Notes:\n",
      "[1] Standard Errors are heteroscedasticity robust (HC3)\n",
      "[2] The smallest eigenvalue is 1.37e-31. This might indicate that there are\n",
      "strong multicollinearity problems or that the design matrix is singular.\n"
     ]
    },
    {
     "name": "stderr",
     "output_type": "stream",
     "text": [
      "C:\\Users\\User\\anaconda3\\envs\\gvs\\Lib\\site-packages\\statsmodels\\base\\model.py:1894: ValueWarning: covariance of constraints does not have full rank. The number of constraints is 23, but rank is 19\n",
      "  warnings.warn('covariance of constraints does not have full '\n"
     ]
    }
   ],
   "source": [
    "X_full = df2[full_cols].astype(float)\n",
    "X_full = sm.add_constant(X_full)\n",
    "\n",
    "m_full = sm.OLS(y, X_full).fit(cov_type=\"HC3\")\n",
    "print(m_full.summary())\n"
   ]
  },
  {
   "cell_type": "code",
   "execution_count": 12,
   "id": "46115d89-1bf6-4e34-a573-c50ae99d15da",
   "metadata": {},
   "outputs": [],
   "source": [
    "import numpy as np\n",
    "import pandas as pd\n",
    "import statsmodels.api as sm\n",
    "from sklearn.metrics import mean_absolute_error, r2_score\n",
    "\n",
    "y = df2[\"y_ln_uah_m2\"].astype(float)\n",
    "\n",
    "# фічі-кандидати\n",
    "base_cols = [\"x_ln_area\",\"lon\",\"lat\",\"gp_band_1\",\"gp_band_2\",\"gp_band_3\",\n",
    "             \"x_ln_dist_metro\",\"x_ln_dist_school\",\"x_ln_dist_kindergarten\",\"x_ln_dist_park\",\n",
    "             \"x_ln_dist_water\",\"x_ln_dist_cemetery\",\"x_ln_dist_highway\",\"x_ln_dist_powerline\"]\n",
    "\n",
    "osm_cols = [c for c in df2.columns if c.startswith(\"x_ln_osm_\")]\n",
    "cnt_cols = [c for c in df2.columns if c.startswith(\"x_ln_cnt500_\")]\n"
   ]
  },
  {
   "cell_type": "code",
   "execution_count": 13,
   "id": "4d373e18-351b-4915-bc3c-93b8899cc5e5",
   "metadata": {},
   "outputs": [
    {
     "name": "stdout",
     "output_type": "stream",
     "text": [
      "                            OLS Regression Results                            \n",
      "==============================================================================\n",
      "Dep. Variable:            y_ln_uah_m2   R-squared:                       0.870\n",
      "Model:                            OLS   Adj. R-squared:                  0.856\n",
      "Method:                 Least Squares   F-statistic:                     65.51\n",
      "Date:                Sun, 18 Jan 2026   Prob (F-statistic):           1.47e-51\n",
      "Time:                        22:54:52   Log-Likelihood:                -170.77\n",
      "No. Observations:                 144   AIC:                             371.5\n",
      "Df Residuals:                     129   BIC:                             416.1\n",
      "Df Model:                          14                                         \n",
      "Covariance Type:                  HC3                                         \n",
      "==========================================================================================\n",
      "                             coef    std err          z      P>|z|      [0.025      0.975]\n",
      "------------------------------------------------------------------------------------------\n",
      "const                   -138.6943     86.514     -1.603      0.109    -308.259      30.870\n",
      "x_ln_area                 -0.9465      0.039    -24.081      0.000      -1.024      -0.869\n",
      "lon                       -0.2989      0.938     -0.319      0.750      -2.138       1.540\n",
      "lat                        3.3319      1.620      2.057      0.040       0.157       6.507\n",
      "gp_band_1                  0.0008      0.001      0.669      0.503      -0.002       0.003\n",
      "gp_band_2                 -0.0003      0.002     -0.203      0.839      -0.003       0.003\n",
      "gp_band_3                  0.0006      0.002      0.393      0.694      -0.002       0.004\n",
      "x_ln_dist_metro           -0.4976      0.142     -3.516      0.000      -0.775      -0.220\n",
      "x_ln_dist_school          -0.2821      0.135     -2.097      0.036      -0.546      -0.018\n",
      "x_ln_dist_kindergarten     0.1061      0.133      0.796      0.426      -0.155       0.367\n",
      "x_ln_dist_park            -0.0227      0.074     -0.305      0.760      -0.169       0.123\n",
      "x_ln_dist_water            0.1019      0.090      1.137      0.256      -0.074       0.278\n",
      "x_ln_dist_cemetery         0.1190      0.112      1.066      0.286      -0.100       0.338\n",
      "x_ln_dist_highway         -0.2605      0.078     -3.354      0.001      -0.413      -0.108\n",
      "x_ln_dist_powerline        0.0688      0.104      0.664      0.507      -0.134       0.272\n",
      "==============================================================================\n",
      "Omnibus:                        7.620   Durbin-Watson:                   1.530\n",
      "Prob(Omnibus):                  0.022   Jarque-Bera (JB):                7.856\n",
      "Skew:                           0.426   Prob(JB):                       0.0197\n",
      "Kurtosis:                       3.763   Cond. No.                     3.94e+05\n",
      "==============================================================================\n",
      "\n",
      "Notes:\n",
      "[1] Standard Errors are heteroscedasticity robust (HC3)\n",
      "[2] The condition number is large, 3.94e+05. This might indicate that there are\n",
      "strong multicollinearity or other numerical problems.\n"
     ]
    }
   ],
   "source": [
    "X_base = df2[base_cols].astype(float)\n",
    "X_base = sm.add_constant(X_base, has_constant=\"add\")\n",
    "m_base = sm.OLS(y, X_base).fit(cov_type=\"HC3\")\n",
    "print(m_base.summary())\n"
   ]
  },
  {
   "cell_type": "code",
   "execution_count": 14,
   "id": "2bfc4221-e1b4-4e1a-9f47-3afa87d18826",
   "metadata": {},
   "outputs": [
    {
     "name": "stdout",
     "output_type": "stream",
     "text": [
      "dropped const: []\n",
      "                            OLS Regression Results                            \n",
      "==============================================================================\n",
      "Dep. Variable:            y_ln_uah_m2   R-squared:                       0.879\n",
      "Model:                            OLS   Adj. R-squared:                  0.861\n",
      "Method:                 Least Squares   F-statistic:                     68.26\n",
      "Date:                Sun, 18 Jan 2026   Prob (F-statistic):           2.69e-56\n",
      "Time:                        22:55:14   Log-Likelihood:                -165.48\n",
      "No. Observations:                 144   AIC:                             371.0\n",
      "Df Residuals:                     124   BIC:                             430.4\n",
      "Df Model:                          19                                         \n",
      "Covariance Type:                  HC3                                         \n",
      "===============================================================================================\n",
      "                                  coef    std err          z      P>|z|      [0.025      0.975]\n",
      "-----------------------------------------------------------------------------------------------\n",
      "const                        -184.0053     88.608     -2.077      0.038    -357.673     -10.338\n",
      "x_ln_area                      -0.9385      0.035    -27.009      0.000      -1.007      -0.870\n",
      "lon                             0.2976      0.942      0.316      0.752      -1.549       2.144\n",
      "lat                             3.8767      1.649      2.351      0.019       0.645       7.108\n",
      "gp_band_1                       0.0004      0.001      0.273      0.785      -0.002       0.003\n",
      "gp_band_2                      -0.0002      0.002     -0.101      0.920      -0.004       0.003\n",
      "gp_band_3                       0.0002      0.001      0.136      0.892      -0.003       0.003\n",
      "x_ln_dist_water                 0.0595      0.104      0.571      0.568      -0.145       0.264\n",
      "x_ln_dist_cemetery              0.2024      0.126      1.602      0.109      -0.045       0.450\n",
      "x_ln_dist_highway              -0.1922      0.098     -1.961      0.050      -0.384   -9.36e-05\n",
      "x_ln_dist_powerline             0.0197      0.104      0.190      0.849      -0.184       0.223\n",
      "x_ln_osm_edu_school            -0.1833      0.145     -1.265      0.206      -0.467       0.101\n",
      "x_ln_osm_edu_kindergarten       0.2218      0.160      1.387      0.166      -0.092       0.535\n",
      "x_ln_osm_health_hospital       -0.0553      0.140     -0.395      0.693      -0.330       0.219\n",
      "x_ln_osm_health_pharmacy       -0.2146      0.223     -0.962      0.336      -0.652       0.223\n",
      "x_ln_osm_retail_supermarket     0.0564      0.209      0.270      0.787      -0.354       0.466\n",
      "x_ln_osm_pt_stops              -0.2050      0.108     -1.905      0.057      -0.416       0.006\n",
      "x_ln_osm_subway_entrance       -0.6024      0.168     -3.590      0.000      -0.931      -0.274\n",
      "x_ln_osm_railway                0.0962      0.116      0.832      0.405      -0.130       0.323\n",
      "x_ln_osm_leisure_park           0.0488      0.075      0.647      0.517      -0.099       0.197\n",
      "==============================================================================\n",
      "Omnibus:                       14.880   Durbin-Watson:                   1.435\n",
      "Prob(Omnibus):                  0.001   Jarque-Bera (JB):               21.661\n",
      "Skew:                           0.562   Prob(JB):                     1.98e-05\n",
      "Kurtosis:                       4.532   Cond. No.                     4.07e+05\n",
      "==============================================================================\n",
      "\n",
      "Notes:\n",
      "[1] Standard Errors are heteroscedasticity robust (HC3)\n",
      "[2] The condition number is large, 4.07e+05. This might indicate that there are\n",
      "strong multicollinearity or other numerical problems.\n"
     ]
    }
   ],
   "source": [
    "# приклад \"OSM замість dist\"\n",
    "base_cols_no_overlap = [c for c in base_cols if c not in [\n",
    "    \"x_ln_dist_school\",\"x_ln_dist_kindergarten\",\"x_ln_dist_metro\",\"x_ln_dist_park\"\n",
    "]]\n",
    "\n",
    "X_osm = df2[base_cols_no_overlap + osm_cols + cnt_cols].astype(float)\n",
    "\n",
    "# прибрати константні колонки (часта причина сингулярності)\n",
    "const_like = [c for c in X_osm.columns if X_osm[c].nunique(dropna=True) <= 1]\n",
    "X_osm = X_osm.drop(columns=const_like)\n",
    "\n",
    "X_osm = sm.add_constant(X_osm, has_constant=\"add\")\n",
    "m_osm = sm.OLS(y, X_osm).fit(cov_type=\"HC3\")\n",
    "print(\"dropped const:\", const_like)\n",
    "print(m_osm.summary())\n"
   ]
  },
  {
   "cell_type": "code",
   "execution_count": 15,
   "id": "224af189-0912-43d9-9ea0-302997c08055",
   "metadata": {},
   "outputs": [
    {
     "name": "stdout",
     "output_type": "stream",
     "text": [
      "dropped const: []\n",
      "                            OLS Regression Results                            \n",
      "==============================================================================\n",
      "Dep. Variable:            y_ln_uah_m2   R-squared:                       0.879\n",
      "Model:                            OLS   Adj. R-squared:                  0.861\n",
      "Method:                 Least Squares   F-statistic:                     68.26\n",
      "Date:                Sun, 18 Jan 2026   Prob (F-statistic):           2.69e-56\n",
      "Time:                        22:55:49   Log-Likelihood:                -165.48\n",
      "No. Observations:                 144   AIC:                             371.0\n",
      "Df Residuals:                     124   BIC:                             430.4\n",
      "Df Model:                          19                                         \n",
      "Covariance Type:                  HC3                                         \n",
      "===============================================================================================\n",
      "                                  coef    std err          z      P>|z|      [0.025      0.975]\n",
      "-----------------------------------------------------------------------------------------------\n",
      "const                        -184.0053     88.608     -2.077      0.038    -357.673     -10.338\n",
      "lon                             0.2976      0.942      0.316      0.752      -1.549       2.144\n",
      "lat                             3.8767      1.649      2.351      0.019       0.645       7.108\n",
      "x_ln_area                      -0.9385      0.035    -27.009      0.000      -1.007      -0.870\n",
      "x_ln_dist_metro                -0.3012      0.084     -3.590      0.000      -0.466      -0.137\n",
      "x_ln_dist_school               -0.0917      0.072     -1.265      0.206      -0.234       0.050\n",
      "x_ln_dist_kindergarten          0.1109      0.080      1.387      0.166      -0.046       0.268\n",
      "x_ln_dist_park                  0.0244      0.038      0.647      0.517      -0.049       0.098\n",
      "x_ln_dist_water                 0.0595      0.104      0.571      0.568      -0.145       0.264\n",
      "x_ln_dist_cemetery              0.2024      0.126      1.602      0.109      -0.045       0.450\n",
      "x_ln_dist_highway              -0.1922      0.098     -1.961      0.050      -0.384   -9.36e-05\n",
      "x_ln_dist_powerline             0.0197      0.104      0.190      0.849      -0.184       0.223\n",
      "gp_band_1                       0.0004      0.001      0.273      0.785      -0.002       0.003\n",
      "gp_band_2                      -0.0002      0.002     -0.101      0.920      -0.004       0.003\n",
      "gp_band_3                       0.0002      0.001      0.136      0.892      -0.003       0.003\n",
      "x_ln_osm_edu_school            -0.0917      0.072     -1.265      0.206      -0.234       0.050\n",
      "x_ln_osm_edu_kindergarten       0.1109      0.080      1.387      0.166      -0.046       0.268\n",
      "x_ln_osm_health_hospital       -0.0553      0.140     -0.395      0.693      -0.330       0.219\n",
      "x_ln_osm_health_pharmacy       -0.2146      0.223     -0.962      0.336      -0.652       0.223\n",
      "x_ln_osm_retail_supermarket     0.0564      0.209      0.270      0.787      -0.354       0.466\n",
      "x_ln_osm_pt_stops              -0.2050      0.108     -1.905      0.057      -0.416       0.006\n",
      "x_ln_osm_subway_entrance       -0.3012      0.084     -3.590      0.000      -0.466      -0.137\n",
      "x_ln_osm_railway                0.0962      0.116      0.832      0.405      -0.130       0.323\n",
      "x_ln_osm_leisure_park           0.0244      0.038      0.647      0.517      -0.049       0.098\n",
      "==============================================================================\n",
      "Omnibus:                       14.880   Durbin-Watson:                   1.435\n",
      "Prob(Omnibus):                  0.001   Jarque-Bera (JB):               21.661\n",
      "Skew:                           0.562   Prob(JB):                     1.98e-05\n",
      "Kurtosis:                       4.532   Cond. No.                     2.88e+18\n",
      "==============================================================================\n",
      "\n",
      "Notes:\n",
      "[1] Standard Errors are heteroscedasticity robust (HC3)\n",
      "[2] The smallest eigenvalue is 1.59e-30. This might indicate that there are\n",
      "strong multicollinearity problems or that the design matrix is singular.\n"
     ]
    },
    {
     "name": "stderr",
     "output_type": "stream",
     "text": [
      "C:\\Users\\User\\anaconda3\\envs\\gvs\\Lib\\site-packages\\statsmodels\\base\\model.py:1894: ValueWarning: covariance of constraints does not have full rank. The number of constraints is 23, but rank is 19\n",
      "  warnings.warn('covariance of constraints does not have full '\n"
     ]
    }
   ],
   "source": [
